ThetaPi	ThetaW	VarPi	StochasticVarPi	SamplingVarPi	VarThetaW	NumPoly	NumMutations	NumSingletons	TajimaD	Hprime	Dnominator	FuLiDStar	FuLiFStar	DandVH	DandVK	WallsB	WallsBprime	WallsQ	HudsonsC	Fst
212.776	559.058	8523.71	8237.55	286.16	21882.4	2607	2607	1373	-2.22312	1.32916	155.764	-3.38007	-3.50053	0.999435	59	0.0276285	72	0.0540852	17.8876	0.0200749	
234.301	542.545	10328.8	9982.08	346.769	20612.1	2530	2530	1123	-2.03907	1.50809	151.17	-2.47299	-2.75891	0.999435	59	0.0573349	145	0.100395	4.69037	-0.00562976	
166.361	525.819	5220.77	5045.5	175.263	19364	2452	2452	1830	-2.45338	1.1048	146.515	-5.7849	-5.34329	0.999435	59	0.0713994	175	0.128059	2.64024	-0.00142293	
253.101	554.34	12047.2	11642.7	404.464	21515.6	2585	2585	1111	-1.95038	1.59449	154.452	-2.3189	-2.60539	1	60	0.0332817	86	0.0646035	15.5948	0.0415343	
203.463	506.09	7796.38	7534.64	261.739	17941.9	2360	2360	1380	-2.1459	1.40377	141.026	-4.01477	-3.9208	1	60	0.0178042	42	0.0347458	16.1804	0.00482275	
203.033	487.433	7763.59	7502.95	260.638	16647.1	2273	2273	1299	-2.09373	1.45432	135.834	-3.86903	-3.79085	1	60	0.0136444	31	0.0268368	31.3124	-4.52207e-05	
178.108	452.479	5980.6	5779.82	200.774	14351.6	2110	2110	984	-2.17567	1.37415	126.108	-2.71709	-3.00027	0.999435	59	0.0213371	45	0.0417062	39.498	0.0134843	
574.103	685.58	61780	59705.6	2074.35	32876.8	3197	3197	1231	-0.583744	2.9253	190.97	-1.83018	-1.59803	1	60	0.063204	202	0.112293	2.07588	0.0791258	
254.523	647.623	12182.6	11773.6	409.009	29344.3	3020	3020	1572	-2.17895	1.37281	180.408	-3.31463	-3.43214	0.999435	59	0.0347797	105	0.0665563	15.1517	0.0173491	
183.995	412.592	6380.78	6166.57	214.21	11940.1	1924	1924	1112	-1.98763	1.55651	115.009	-3.93682	-3.78907	1	60	0.0182007	35	0.0358628	43.7626	-0.00420556	
308.831	473.065	17917.6	17316.1	601.572	15682.9	2206	2206	1062	-1.24574	2.27921	131.836	-2.88252	-2.67374	1	60	0.0403628	89	0.0738894	7.37836	-0.00290063	
269.703	616.743	13674.6	13215.5	459.105	26618.5	2876	2876	1596	-2.01984	1.52741	171.816	-3.69111	-3.62704	1	60	0.0177391	51	0.0351182	28.7857	0.0433783	
570.705	670.355	61051.7	59001.8	2049.9	31435.7	3126	3126	1211	-0.53365	2.97394	186.733	-1.85579	-1.59246	0.999435	59	0.10048	314	0.171785	0.233786	-0.0212895	
214.62	525.604	8671.57	8380.45	291.124	19348.2	2451	2451	1441	-2.1234	1.42586	146.456	-4.05018	-3.93549	1	60	0.0179592	44	0.0354957	64.4518	0.00614397	
297.779	539.329	16661.1	16101.8	559.384	20369	2515	2515	1286	-1.60739	1.92808	150.275	-3.21175	-3.08413	0.999435	59	0.0194909	49	0.0377734	21.2074	0.0116301	
259.2	610.739	12633.1	12209	424.137	26103.9	2848	2848	1453	-2.06612	1.48234	170.145	-3.20061	-3.29594	0.99887	58	0.0186161	53	0.0361657	9.18232	-0.00495139	
210.823	461.271	8368.49	8087.54	280.948	14912.9	2151	2151	1127	-1.94819	1.5956	128.555	-3.34767	-3.34554	1	60	0.0213953	46	0.041841	44.1401	0.00770017	
286.213	517.027	15395.1	14878.2	516.875	18723.5	2411	2411	1088	-1.60211	1.93299	144.069	-2.55346	-2.60742	1	60	0.0344398	83	0.0659477	5.16051	0.0182835	
239.766	510.164	10814.8	10451.7	363.085	18231.2	2379	2379	1258	-1.90208	1.64105	142.159	-3.40224	-3.36266	1	60	0.0134567	32	0.025641	62.2463	0.00010561	
215.272	447.975	8724.15	8431.26	292.89	14068.2	2089	2089	1229	-1.86379	1.67754	124.855	-4.05173	-3.81239	0.999435	59	0.0239464	50	0.0473911	33.938	0.0578354	
413.712	589.723	32114.6	31036.3	1078.26	24342.4	2750	2750	1294	-1.0713	2.45017	164.297	-2.76596	-2.50592	1	60	0.0341943	94	0.0650909	5.35329	0.0726366	
372.231	576.642	26008	25134.7	873.221	23277	2689	2689	1309	-1.27234	2.25444	160.657	-2.94379	-2.73042	0.99887	58	0.03125	84	0.0595017	12.7063	-0.00419536	
267.977	455.052	13500.6	13047.3	453.264	14514.8	2122	2122	1009	-1.47507	2.05584	126.824	-2.81724	-2.73666	0.99887	58	0.018859	40	0.0362865	19.2857	0.00784081	
